Chakravuyh,Hans Zimmer
Chakravuyh,Christopher Nolan
Chakravuyh,Ken Watanabe
Chakravuyh,Guy Hendrix Dyas
Chakravuyh,Wally Pfister
Chakravuyh,Lee Smith
Chakravuyh,Joseph Gordon-Levitt
Chakravuyh,Ellen Page
Chakravuyh,Emma Thomas
Chakravuyh,Leonardo DiCaprio
